Thread 0	Thread 1	Thread 2	Thread 3	Thread 4	Thread 5	Thread 6	Thread 7	Thread 8	Thread 9	Thread 10	Thread 11	Thread 12	Thread 13	Thread 14	Thread 15	Thread 16	Thread 17	Thread 18	Thread 19	Thread 20	Thread 21	Thread 22	Thread 23	Thread 24	Thread 25	Thread 26	Thread 27	Thread 28	Thread 29	Thread 30	Thread 31	
1760356653	979153290	2852023710	2939974199	4082003656	781112579	199437326	4267276184	1675516327	310061168	2554130079	872661623	3896840362	954928826	3667047312	1893931878	3099518762	2843285703	785312548	1688164441	406740562	2312444373	682238808	1529523535	1300322005	546156530	2218534919	3762969386	3676994533	3750362255	3879726397	1060971502	
3285454492	3911949504	1837975633	966101120	2154074137	3296879728	3861173827	1226236971	2046196886	2534429873	461888203	3857470483	1594118137	3484898932	2734102555	968691457	2028831780	1269715972	4142821240	937709045	3910096883	1371691067	2288546340	2687756490	140609468	916600409	2572509617	639462705	2311537037	2580172675	3862115569	763082149	
543960056	67749342	3261777132	3044649798	4020098535	1400829927	2215692434	2310590263	1273279166	4142185544	827762245	3045438919	3721400567	4250765786	3350628881	2229859529	3709306817	1466921326	238784353	783061298	3802008545	1919175961	3875456821	3777755539	2294856346	1440830879	2799042814	3722975219	99362284	3387610818	120585816	3960752936	
2605878086	1495873801	3972310989	3675454203	3046211740	606731052	1750263199	1949170461	2897189310	3812322904	173920447	2035189353	3878474894	3503036192	373653283	3441868226	2286885515	2143315033	1906861217	2691875805	1440170343	3961650235	2241314967	226745522	553351606	1393105166	322699513	1621553891	3381596357	3826296496	4053424516	1449619009	
1649118963	320253032	311741945	570785479	3246717848	3389593927	1586942746	2426149576	718559357	3452725884	2311885830	3198504517	2813894656	1534427146	1491420170	3645101621	1123331769	291125640	2556635354	588148692	1474175811	2854066544	2804438366	977980061	2870797409	219853678	1661011037	2364697493	2092087446	1587441643	1667514606	3497265148	
1580858938	2145597979	2584137002	1185094565	2663472867	3203349797	3408405875	4081038142	4037966690	2789024975	804223325	1797631368	120459694	2075610021	1795972158	207240529	1387621684	293529696	1288174564	2329519443	3560382469	3215884286	3876578077	3628560677	982991343	2339478641	3335257600	1005878779	1098687981	3320658793	4140210691	1083677237	
2541138088	2964476062	2587063770	3218446716	1805096440	998644071	2002958809	3217615607	3716167456	3955027564	990365446	2369804627	1500262512	3778146332	2921870823	90346536	1336545775	3485947931	213571199	2359037486	1850270403	98782939	1125143181	208875524	2621299439	2625507273	102657449	1795759437	1073448562	1757974575	1103115256	1691549997	
644088605	926425809	1990428518	1021974965	954008916	2290150398	9967403	863057189	1390582689	3412280329	2723841145	675635797	1294024456	2906701182	1261027128	3330483371	502716596	1256452696	1450259480	3365899499	2589612426	1615028564	85645636	2077967456	1484314992	1575993772	2787827391	54619228	3460645604	3062702722	782275068	3603416170	
2041801807	2081698194	1411488843	3201934583	276229881	2074470406	2195762366	3149314440	3527351376	3939010346	3081391486	4100945006	4038205314	1446687545	1892031839	4042230822	1472617414	711572154	2734283819	1838129595	95842247	1542245100	48608582	3738807112	3104501627	2850148885	3256588129	3823466456	3989483811	1906554066	792392882	2556632733	
623988080	4029477756	2755972668	904668396	1115248411	1853220190	2774488325	1724492901	3224348615	3203507733	2013497896	3369997471	2605361521	1636727005	3886605513	1800824053	2961168847	3679061370	259916702	119435019	893443976	1308230496	2898457672	643851578	1771941733	852516482	4026252083	4113380578	2679372281	1060265378	1086664003	3296712939	
1840529544	1571435908	1912923974	1078620468	2073116390	1089465078	2623479120	4060061076	3137411935	2715687255	1340907271	2688367183	1718202262	635511823	2869592780	1012997420	2081983512	1178507062	2422386910	2278597206	204338095	848462391	350294737	3131162755	1976087129	2775950786	1755592439	3170223731	1342296625	3976670638	1284194936	2968402683	
259749653	314151817	3536096800	1269261947	2572293207	2908457277	2262324218	2014734735	629553235	2140798928	2947197773	568541756	1889635406	890432743	3332945051	4292155147	4171754092	4063175525	4211057210	2270175776	2500825216	1159941344	3045173900	1319629291	2394762689	3486887494	2817662838	1702399317	211523918	3443090204	2647255841	3993015602	
2654050237	771989704	2650681990	3151135085	2203347617	2609774891	1234406181	1584695408	3866654632	4205113215	3770414928	888992578	343615162	42657218	2564715711	3628802548	1830842952	2493491590	4016722388	145305015	1270341587	3526060599	4074408442	2997392103	2669675221	751902666	2380670812	665730198	3261868955	4129067780	1225840924	2884415099	
931008752	1221985012	3728601710	4077488609	3404244922	1568734850	2691939448	392538169	693738375	3330548685	234734026	2530076328	2814935381	521438842	1614060047	1678368921	253056805	4048791915	4139136129	3191597202	470417215	2880657421	1182210894	3042181248	4175995181	4090787634	1100133066	1306143917	545134584	1762214754	2726791666	3615337121	
4168553139	3840088733	1991170314	284007825	1326838554	2042068948	2408398733	2500643691	502302762	2602780989	873068214	945424090	3132251347	2368859453	3236682248	193544837	548458267	3470663904	3584112387	3257783646	3192428139	1245623966	2522341501	2788693837	1497239266	628476071	118673783	121959478	198161992	2345627947	3838311750	1207609914	
689828156	2983047942	4149275222	1447248822	2411321993	2238259146	415638291	1209915986	498845637	3715613985	3561377981	3639633429	2790662192	3622934663	1797498493	2548148379	1842301871	1828895069	3270878977	2972451725	3519282302	392359100	2483637947	719279304	1504590845	3227204297	93035635	207793988	3995684559	1864680652	1555974248	1496400369	
3677236981	79912937	602917264	1943814873	3660551388	3978490639	1091588180	3853789491	982365161	3675896050	2134629956	1439278614	2656582355	3376721159	759249716	1484833503	1996595843	1175054273	1940176191	1470229555	1382461282	2519000544	155809734	3090606642	3504091532	751702878	486061647	17544491	2254896331	716192096	4265698376	3742252902	
3564150071	1634690293	4089407603	1749408192	1045976747	3400103273	1248619095	3928167659	1814765308	196285936	1135448421	1001448137	3335314853	579273485	3586133549	3004101491	1906375480	1945186326	3113637680	1199583878	1524041285	1173611380	1243551819	3789662221	4086551478	3009341044	2430716262	3630760170	3763332092	256151658	2956058008	1548061634	
554923851	4157248566	4035003695	3115328717	4051702970	1958324589	3225706384	3321655113	2754420365	4228541725	1040090333	1697790275	3760889894	2931090278	451678770	3547978255	3062521505	4154771808	2109637308	4120845030	3876942267	2112492821	1800673585	3511177564	1085023144	1628674714	2133952817	1252300473	319671096	2944326034	3682856972	3460050992	
2505356257	1294730341	469275295	148602754	3210856356	1517194597	2836670885	3747080432	1336062276	1135153849	2712316064	2711753126	793162957	657087626	2915929114	2799267368	1349244784	3030901357	3857643714	2713244034	4220392894	2029385326	3664038134	3072941330	360502486	427376776	680156624	935702368	4010870268	2398433363	3567691423	1949941486	
