Thread 0	Thread 1	Thread 2	Thread 3	
465165	1871894663	514220539	2376176524	
698257	2273183178	750359280	3492969810	
1751931	3392998587	1670807144	407877983	
2265136	995726224	2507259276	620173134	
7796808	1346796920	4113176658	2137174645	
10515708	3639195956	1709909215	3189149605	
28354426	89003974	2630418190	2637223741	
34191923	225784745	3946675861	3922268889	
119411532	287690031	1222196469	1321188871	
179125362	1006416358	4245150565	4104068362	
446814895	1375439577	2039185437	1743694235	
582124198	3673250311	3059302441	2613358176	
1989068473	40583946	2177327215	3786384784	
2698258583	126379163	3265925254	1378303096	
2971037170	190619616	648755657	3749370548	
2343665903	407629776	2024330943	238158470	
3641327942	620349336	3048018078	357500617	
127656809	2138483556	2216802797	896960575	
190960655	3189811230	3463583425	1159781470	
403871254	2641472557	900673571	3991997133	
